76
130
173
193
204
225
274
302
325
410
438
444
453
475
523
533
704
719
727
744
764
766
799
860
866
893
922
952
988
1100
1104
1119
1126
1162
1184
1185
1211
1217
1245
1262
1307
1316
1323
1326
1355
1364
1374
1393
1410
1415
1423
1429
1432
1433
1440
1448
1465
1535
1554
1615
1621
1635
1658
1676
1683
1748
1776
1790
1907
1944
1992
2035
2036
2037
2039
2040
2041
2158
2302
2382
2413
2445
2446
2447
2509
2582
2592
2647
2649
2661
2681
2844
2858
2918
2964
3019
3020
3276
3330
3331
3503
3507
3510
3514
3517
3659
4015
4116
